 0.00000e+00    1.65090e+00    1.61714e+00    1.07364e+00    1.07364e+00  
 2.00000e+01    1.28551e+00    1.40297e+00    1.13965e+00    9.68791e-01  
 4.00000e+01    1.16267e+00    1.27575e+00    1.15802e+00    8.73599e-01  
 6.00000e+01    1.00719e+00    1.13900e+00    1.15273e+00    7.89857e-01  
 8.00000e+01    9.67021e-01    1.01535e+00    1.10488e+00    7.28537e-01  
 1.00000e+02    9.02649e-01    9.02613e-01    1.04403e+00    7.22487e-01  
 1.20000e+02    9.65534e-01    8.57650e-01    9.75765e-01    7.29535e-01  
 1.40000e+02    9.53420e-01    8.27751e-01    8.81300e-01    7.41091e-01  
 1.60000e+02    1.01721e+00    8.73012e-01    8.54923e-01    8.28590e-01  
 1.80000e+02    1.03148e+00    9.21172e-01    7.93704e-01    8.99686e-01  
 2.00000e+02    1.04306e+00    9.43788e-01    8.08296e-01    9.09159e-01  
 2.20000e+02    9.55809e-01    9.73568e-01    8.54883e-01    8.99010e-01  
 2.40000e+02    9.85793e-01    1.02187e+00    9.50054e-01    9.35126e-01  
 2.60000e+02    9.78077e-01    9.83101e-01    1.01493e+00    8.95095e-01  
 2.80000e+02    1.01553e+00    9.33744e-01    1.02901e+00    9.06121e-01  
 3.00000e+02    1.00690e+00    9.25685e-01    9.92614e-01    9.00753e-01  
 3.20000e+02    1.05136e+00    9.24649e-01    9.44276e-01    9.08263e-01  
 3.40000e+02    1.03224e+00    9.51897e-01    9.42304e-01    9.67598e-01  
 3.60000e+02    1.06199e+00    9.90519e-01    8.91431e-01    9.94139e-01  
 3.80000e+02    1.00298e+00    9.93802e-01    9.17582e-01    9.39020e-01  
 4.00000e+02    9.99137e-01    1.03292e+00    1.02417e+00    9.35219e-01  
 4.20000e+02    9.63606e-01    1.05548e+00    1.11474e+00    9.67652e-01  
 4.40000e+02    1.02507e+00    1.05992e+00    1.17746e+00    9.40496e-01  
 4.60000e+02    1.01899e+00    1.08237e+00    1.24174e+00    8.91383e-01  
 4.80000e+02    1.01685e+00    1.08656e+00    1.26427e+00    8.75187e-01  
 5.00000e+02    1.03431e+00    1.05637e+00    1.28660e+00    8.48628e-01  
 5.20000e+02    1.02330e+00    1.03368e+00    1.28921e+00    8.50170e-01  
 5.40000e+02    9.51913e-01    9.83874e-01    1.22590e+00    8.22528e-01  
 5.60000e+02    9.02717e-01    9.42088e-01    1.18981e+00    7.34719e-01  
 5.80000e+02    8.85888e-01    9.15890e-01    1.22978e+00    7.02713e-01  
 6.00000e+02    8.25765e-01    8.92943e-01    1.24871e+00    7.31913e-01  
 6.20000e+02    8.32472e-01    8.64732e-01    1.25094e+00    7.33067e-01  
 6.40000e+02    8.25550e-01    8.68634e-01    1.24255e+00    7.32162e-01  
 6.60000e+02    8.52711e-01    8.73799e-01    1.18776e+00    7.27884e-01  
 6.80000e+02    8.98522e-01    9.11004e-01    1.15314e+00    7.41091e-01  
 7.00000e+02    9.20185e-01    1.01163e+00    1.18094e+00    7.78513e-01  
 7.20000e+02    8.97584e-01    1.06840e+00    1.24499e+00    7.73390e-01  
 7.40000e+02    8.70931e-01    1.12611e+00    1.36189e+00    7.70805e-01  
 7.60000e+02    9.17176e-01    1.18264e+00    1.46629e+00    7.74309e-01  
 7.80000e+02    9.48025e-01    1.16503e+00    1.55672e+00    7.88941e-01  
 8.00000e+02    1.00873e+00    1.12661e+00    1.58754e+00    7.67654e-01  
 8.20000e+02    9.84494e-01    1.14292e+00    1.60661e+00    7.47154e-01  
 8.40000e+02    1.02523e+00    1.13670e+00    1.56691e+00    6.57169e-01  
 8.60000e+02    1.01627e+00    1.11789e+00    1.50604e+00    6.10014e-01  
 8.80000e+02    9.94964e-01    1.06250e+00    1.51143e+00    4.97389e-01  
 9.00000e+02    8.93593e-01    9.93573e-01    1.48333e+00    4.69282e-01  
 9.20000e+02    9.11005e-01    9.38840e-01    1.47610e+00    4.09085e-01  
 9.40000e+02    9.12337e-01    9.34622e-01    1.46643e+00    4.18594e-01  
 9.60000e+02    9.08594e-01    8.45955e-01    1.57347e+00    3.68897e-01  
 9.80000e+02    8.63546e-01    7.87615e-01    1.59377e+00    3.65779e-01  
 1.00000e+03    8.47003e-01    7.31838e-01    1.55794e+00    3.68217e-01  
 1.02000e+03    8.06936e-01    7.28420e-01    1.44244e+00    4.52297e-01  
 1.04000e+03    9.50897e-01    6.90296e-01    1.44153e+00    5.46318e-01  
 1.06000e+03    9.69102e-01    7.79663e-01    1.31453e+00    5.83053e-01  
 1.08000e+03    1.06620e+00    8.15070e-01    1.37350e+00    5.68256e-01  
 1.10000e+03    1.02100e+00    8.83422e-01    1.43610e+00    6.14051e-01  
 1.12000e+03    1.08376e+00    9.02246e-01    1.50096e+00    6.30693e-01  
 1.14000e+03    1.00086e+00    9.18668e-01    1.53843e+00    6.66090e-01  
 1.16000e+03    1.05575e+00    9.15127e-01    1.59110e+00    6.54071e-01  
 1.18000e+03    9.84709e-01    9.03089e-01    1.52606e+00    6.76036e-01  
 1.20000e+03    1.04348e+00    8.77315e-01    1.47684e+00    6.84158e-01  
 1.22000e+03    1.04222e+00    8.73984e-01    1.35906e+00    7.96113e-01  
 1.24000e+03    1.26799e+00    8.72539e-01    1.35738e+00    7.61318e-01  
 1.26000e+03    1.13747e+00    9.38993e-01    1.22169e+00    7.83897e-01  
 1.28000e+03    1.17419e+00    1.02430e+00    1.33219e+00    7.57175e-01  
 1.30000e+03    1.02869e+00    1.17176e+00    1.40860e+00    7.05640e-01  
 1.32000e+03    1.02789e+00    1.30248e+00    1.61561e+00    5.99969e-01  
 1.34000e+03    9.72956e-01    1.31380e+00    1.78464e+00    5.99259e-01  
 1.36000e+03    1.04860e+00    1.13622e+00    1.88937e+00    5.78574e-01  
 1.38000e+03    9.93858e-01    9.47484e-01    1.64438e+00    6.14786e-01  
 1.40000e+03    9.88155e-01    7.06596e-01    1.45826e+00    5.76985e-01  
 1.42000e+03    8.40805e-01    5.29044e-01    1.13406e+00    5.98192e-01  
 1.44000e+03    9.08092e-01    3.72813e-01    1.05436e+00    5.67368e-01  
 1.46000e+03    7.94299e-01    4.02657e-01    9.20205e-01    7.76952e-01  
 1.48000e+03    9.31237e-01    5.32835e-01    9.47596e-01    9.33517e-01  
 1.50000e+03    1.00040e+00    7.06555e-01    9.41008e-01    9.53113e-01  
 1.52000e+03    1.24197e+00    9.91704e-01    1.01651e+00    9.76926e-01  
 1.54000e+03    1.23943e+00    1.28048e+00    1.10733e+00    8.95388e-01  
 1.56000e+03    1.26502e+00    1.56443e+00    1.30678e+00    9.65171e-01  
 1.58000e+03    1.07722e+00    1.84205e+00    1.59397e+00    1.00430e+00  
 1.60000e+03    1.11145e+00    1.77439e+00    2.00011e+00    9.83264e-01  
 1.62000e+03    1.18254e+00    1.64615e+00    2.18206e+00    7.83285e-01  
 1.64000e+03    1.23872e+00    1.44224e+00    2.32349e+00    5.99770e-01  
 1.66000e+03    9.82103e-01    1.23232e+00    2.13005e+00    4.91050e-01  
 1.68000e+03    8.87179e-01    1.06870e+00    2.02175e+00    4.34976e-01  
 1.70000e+03    5.76365e-01    7.51056e-01    1.54596e+00    3.34271e-01  
 1.72000e+03    5.61965e-01    6.52113e-01    1.45913e+00    3.55016e-01  
 1.74000e+03    7.73565e-01    1.24761e-01    1.58137e+00    7.22310e-02  
 1.76000e+03    8.36647e-01   -2.97218e-02    1.49174e+00   -1.66696e-02  
